{
 "cells": [
  {
   "cell_type": "code",
   "execution_count": 1,
   "metadata": {},
   "outputs": [],
   "source": [
    "import networkx as nx\n",
    "import numpy as np\n",
    "import matplotlib.pyplot as plt\n",
    "import pandas as pd\n",
    "import math"
   ]
  },
  {
   "cell_type": "code",
   "execution_count": 17,
   "metadata": {},
   "outputs": [
    {
     "data": {
      "text/html": [
       "<div>\n",
       "<style scoped>\n",
       "    .dataframe tbody tr th:only-of-type {\n",
       "        vertical-align: middle;\n",
       "    }\n",
       "\n",
       "    .dataframe tbody tr th {\n",
       "        vertical-align: top;\n",
       "    }\n",
       "\n",
       "    .dataframe thead th {\n",
       "        text-align: right;\n",
       "    }\n",
       "</style>\n",
       "<table border=\"1\" class=\"dataframe\">\n",
       "  <thead>\n",
       "    <tr style=\"text-align: right;\">\n",
       "      <th></th>\n",
       "      <th>NDR</th>\n",
       "      <th>TR</th>\n",
       "      <th>BC</th>\n",
       "      <th>CNC</th>\n",
       "      <th>DC</th>\n",
       "      <th>EC</th>\n",
       "      <th>PR</th>\n",
       "      <th>TC</th>\n",
       "      <th>PI</th>\n",
       "      <th>CC</th>\n",
       "      <th>TPN</th>\n",
       "    </tr>\n",
       "  </thead>\n",
       "  <tbody>\n",
       "    <tr>\n",
       "      <th>0</th>\n",
       "      <td>4345.0</td>\n",
       "      <td>4384</td>\n",
       "      <td>4164</td>\n",
       "      <td>1308</td>\n",
       "      <td>2553</td>\n",
       "      <td>4381</td>\n",
       "      <td>831</td>\n",
       "      <td>4345.0</td>\n",
       "      <td>4384.0</td>\n",
       "      <td>2553.0</td>\n",
       "      <td>4384.0</td>\n",
       "    </tr>\n",
       "    <tr>\n",
       "      <th>1</th>\n",
       "      <td>4384.0</td>\n",
       "      <td>4345</td>\n",
       "      <td>2543</td>\n",
       "      <td>2594</td>\n",
       "      <td>4458</td>\n",
       "      <td>4345</td>\n",
       "      <td>4458</td>\n",
       "      <td>4384.0</td>\n",
       "      <td>4345.0</td>\n",
       "      <td>2617.0</td>\n",
       "      <td>4345.0</td>\n",
       "    </tr>\n",
       "    <tr>\n",
       "      <th>2</th>\n",
       "      <td>4352.0</td>\n",
       "      <td>4352</td>\n",
       "      <td>1243</td>\n",
       "      <td>2605</td>\n",
       "      <td>831</td>\n",
       "      <td>4336</td>\n",
       "      <td>3468</td>\n",
       "      <td>4352.0</td>\n",
       "      <td>4352.0</td>\n",
       "      <td>1091.0</td>\n",
       "      <td>4352.0</td>\n",
       "    </tr>\n",
       "    <tr>\n",
       "      <th>3</th>\n",
       "      <td>4381.0</td>\n",
       "      <td>4381</td>\n",
       "      <td>4219</td>\n",
       "      <td>1131</td>\n",
       "      <td>3468</td>\n",
       "      <td>4332</td>\n",
       "      <td>2553</td>\n",
       "      <td>4381.0</td>\n",
       "      <td>4381.0</td>\n",
       "      <td>3312.0</td>\n",
       "      <td>2553.0</td>\n",
       "    </tr>\n",
       "    <tr>\n",
       "      <th>4</th>\n",
       "      <td>4373.0</td>\n",
       "      <td>4373</td>\n",
       "      <td>2528</td>\n",
       "      <td>2606</td>\n",
       "      <td>4345</td>\n",
       "      <td>4352</td>\n",
       "      <td>1224</td>\n",
       "      <td>4373.0</td>\n",
       "      <td>4395.0</td>\n",
       "      <td>2586.0</td>\n",
       "      <td>1091.0</td>\n",
       "    </tr>\n",
       "  </tbody>\n",
       "</table>\n",
       "</div>"
      ],
      "text/plain": [
       "      NDR    TR    BC   CNC    DC    EC    PR      TC      PI      CC     TPN\n",
       "0  4345.0  4384  4164  1308  2553  4381   831  4345.0  4384.0  2553.0  4384.0\n",
       "1  4384.0  4345  2543  2594  4458  4345  4458  4384.0  4345.0  2617.0  4345.0\n",
       "2  4352.0  4352  1243  2605   831  4336  3468  4352.0  4352.0  1091.0  4352.0\n",
       "3  4381.0  4381  4219  1131  3468  4332  2553  4381.0  4381.0  3312.0  2553.0\n",
       "4  4373.0  4373  2528  2606  4345  4352  1224  4373.0  4395.0  2586.0  1091.0"
      ]
     },
     "execution_count": 17,
     "metadata": {},
     "output_type": "execute_result"
    }
   ],
   "source": [
    "propose = pd.read_csv('result/power/ranking_table_power1.csv')\n",
    "all_in = pd.concat([propose], axis=1, sort=False)\n",
    "\n",
    "Top_Five_all_in = pd.DataFrame(all_in.loc[0:4])\n",
    "ranking_table_all_in = pd.concat([Top_Five_all_in['NDR'],Top_Five_all_in['TR'], Top_Five_all_in['BC'], Top_Five_all_in['CNC'],\n",
    "                                  Top_Five_all_in['DC'], Top_Five_all_in['EC'],Top_Five_all_in['PR'],\n",
    "                                  Top_Five_all_in['TC'], \n",
    "                                  Top_Five_all_in['PI'], Top_Five_all_in['CC'],Top_Five_all_in['TPN']], \n",
    "                                 axis=1, sort=False)\n",
    "#float_col = ranking_table_all_in.select_dtypes(include = ['float64']) # This will select float columns only\n",
    "# list(float_col.columns.values)\n",
    "#for col in float_col.columns.values:\n",
    "#    ranking_table_all_in[col] = ranking_table_all_in[col].astype('int64')\n",
    "#ranking_table_all_in.to_csv('result/usair/ranking_table_all_in_usair_network.csv')\n",
    "ranking_table_all_in"
   ]
  },
  {
   "cell_type": "code",
   "execution_count": 18,
   "metadata": {},
   "outputs": [
    {
     "data": {
      "text/html": [
       "<div>\n",
       "<style scoped>\n",
       "    .dataframe tbody tr th:only-of-type {\n",
       "        vertical-align: middle;\n",
       "    }\n",
       "\n",
       "    .dataframe tbody tr th {\n",
       "        vertical-align: top;\n",
       "    }\n",
       "\n",
       "    .dataframe thead th {\n",
       "        text-align: right;\n",
       "    }\n",
       "</style>\n",
       "<table border=\"1\" class=\"dataframe\">\n",
       "  <thead>\n",
       "    <tr style=\"text-align: right;\">\n",
       "      <th></th>\n",
       "      <th>NDR</th>\n",
       "      <th>TR</th>\n",
       "      <th>BC</th>\n",
       "      <th>CNC</th>\n",
       "      <th>DC</th>\n",
       "      <th>EC</th>\n",
       "      <th>PR</th>\n",
       "      <th>TC</th>\n",
       "      <th>PI</th>\n",
       "      <th>CC</th>\n",
       "      <th>TPN</th>\n",
       "    </tr>\n",
       "  </thead>\n",
       "  <tbody>\n",
       "    <tr>\n",
       "      <th>NDR</th>\n",
       "      <td>1.0</td>\n",
       "      <td>-0.4</td>\n",
       "      <td>0.2</td>\n",
       "      <td>0.0</td>\n",
       "      <td>0.6</td>\n",
       "      <td>-0.4</td>\n",
       "      <td>0.6</td>\n",
       "      <td>1.0</td>\n",
       "      <td>-0.4</td>\n",
       "      <td>0.6</td>\n",
       "      <td>-0.4</td>\n",
       "    </tr>\n",
       "    <tr>\n",
       "      <th>TR</th>\n",
       "      <td>-0.4</td>\n",
       "      <td>1.0</td>\n",
       "      <td>0.4</td>\n",
       "      <td>-0.2</td>\n",
       "      <td>-0.4</td>\n",
       "      <td>0.2</td>\n",
       "      <td>-0.8</td>\n",
       "      <td>-0.4</td>\n",
       "      <td>0.6</td>\n",
       "      <td>0.0</td>\n",
       "      <td>0.2</td>\n",
       "    </tr>\n",
       "    <tr>\n",
       "      <th>BC</th>\n",
       "      <td>0.2</td>\n",
       "      <td>0.4</td>\n",
       "      <td>1.0</td>\n",
       "      <td>-0.8</td>\n",
       "      <td>0.2</td>\n",
       "      <td>0.0</td>\n",
       "      <td>-0.2</td>\n",
       "      <td>0.2</td>\n",
       "      <td>0.0</td>\n",
       "      <td>0.6</td>\n",
       "      <td>0.0</td>\n",
       "    </tr>\n",
       "    <tr>\n",
       "      <th>CNC</th>\n",
       "      <td>0.0</td>\n",
       "      <td>-0.2</td>\n",
       "      <td>-0.8</td>\n",
       "      <td>1.0</td>\n",
       "      <td>0.0</td>\n",
       "      <td>0.2</td>\n",
       "      <td>0.0</td>\n",
       "      <td>0.0</td>\n",
       "      <td>0.2</td>\n",
       "      <td>-0.4</td>\n",
       "      <td>-0.2</td>\n",
       "    </tr>\n",
       "    <tr>\n",
       "      <th>DC</th>\n",
       "      <td>0.6</td>\n",
       "      <td>-0.4</td>\n",
       "      <td>0.2</td>\n",
       "      <td>0.0</td>\n",
       "      <td>1.0</td>\n",
       "      <td>0.0</td>\n",
       "      <td>0.2</td>\n",
       "      <td>0.6</td>\n",
       "      <td>0.0</td>\n",
       "      <td>0.6</td>\n",
       "      <td>-0.4</td>\n",
       "    </tr>\n",
       "    <tr>\n",
       "      <th>EC</th>\n",
       "      <td>-0.4</td>\n",
       "      <td>0.2</td>\n",
       "      <td>0.0</td>\n",
       "      <td>0.2</td>\n",
       "      <td>0.0</td>\n",
       "      <td>1.0</td>\n",
       "      <td>-0.4</td>\n",
       "      <td>-0.4</td>\n",
       "      <td>0.2</td>\n",
       "      <td>-0.4</td>\n",
       "      <td>0.2</td>\n",
       "    </tr>\n",
       "    <tr>\n",
       "      <th>PR</th>\n",
       "      <td>0.6</td>\n",
       "      <td>-0.8</td>\n",
       "      <td>-0.2</td>\n",
       "      <td>0.0</td>\n",
       "      <td>0.2</td>\n",
       "      <td>-0.4</td>\n",
       "      <td>1.0</td>\n",
       "      <td>0.6</td>\n",
       "      <td>-0.8</td>\n",
       "      <td>0.2</td>\n",
       "      <td>0.0</td>\n",
       "    </tr>\n",
       "    <tr>\n",
       "      <th>TC</th>\n",
       "      <td>1.0</td>\n",
       "      <td>-0.4</td>\n",
       "      <td>0.2</td>\n",
       "      <td>0.0</td>\n",
       "      <td>0.6</td>\n",
       "      <td>-0.4</td>\n",
       "      <td>0.6</td>\n",
       "      <td>1.0</td>\n",
       "      <td>-0.4</td>\n",
       "      <td>0.6</td>\n",
       "      <td>-0.4</td>\n",
       "    </tr>\n",
       "    <tr>\n",
       "      <th>PI</th>\n",
       "      <td>-0.4</td>\n",
       "      <td>0.6</td>\n",
       "      <td>0.0</td>\n",
       "      <td>0.2</td>\n",
       "      <td>0.0</td>\n",
       "      <td>0.2</td>\n",
       "      <td>-0.8</td>\n",
       "      <td>-0.4</td>\n",
       "      <td>1.0</td>\n",
       "      <td>0.0</td>\n",
       "      <td>-0.2</td>\n",
       "    </tr>\n",
       "    <tr>\n",
       "      <th>CC</th>\n",
       "      <td>0.6</td>\n",
       "      <td>0.0</td>\n",
       "      <td>0.6</td>\n",
       "      <td>-0.4</td>\n",
       "      <td>0.6</td>\n",
       "      <td>-0.4</td>\n",
       "      <td>0.2</td>\n",
       "      <td>0.6</td>\n",
       "      <td>0.0</td>\n",
       "      <td>1.0</td>\n",
       "      <td>-0.4</td>\n",
       "    </tr>\n",
       "    <tr>\n",
       "      <th>TPN</th>\n",
       "      <td>-0.4</td>\n",
       "      <td>0.2</td>\n",
       "      <td>0.0</td>\n",
       "      <td>-0.2</td>\n",
       "      <td>-0.4</td>\n",
       "      <td>0.2</td>\n",
       "      <td>0.0</td>\n",
       "      <td>-0.4</td>\n",
       "      <td>-0.2</td>\n",
       "      <td>-0.4</td>\n",
       "      <td>1.0</td>\n",
       "    </tr>\n",
       "  </tbody>\n",
       "</table>\n",
       "</div>"
      ],
      "text/plain": [
       "     NDR   TR   BC  CNC   DC   EC   PR   TC   PI   CC  TPN\n",
       "NDR  1.0 -0.4  0.2  0.0  0.6 -0.4  0.6  1.0 -0.4  0.6 -0.4\n",
       "TR  -0.4  1.0  0.4 -0.2 -0.4  0.2 -0.8 -0.4  0.6  0.0  0.2\n",
       "BC   0.2  0.4  1.0 -0.8  0.2  0.0 -0.2  0.2  0.0  0.6  0.0\n",
       "CNC  0.0 -0.2 -0.8  1.0  0.0  0.2  0.0  0.0  0.2 -0.4 -0.2\n",
       "DC   0.6 -0.4  0.2  0.0  1.0  0.0  0.2  0.6  0.0  0.6 -0.4\n",
       "EC  -0.4  0.2  0.0  0.2  0.0  1.0 -0.4 -0.4  0.2 -0.4  0.2\n",
       "PR   0.6 -0.8 -0.2  0.0  0.2 -0.4  1.0  0.6 -0.8  0.2  0.0\n",
       "TC   1.0 -0.4  0.2  0.0  0.6 -0.4  0.6  1.0 -0.4  0.6 -0.4\n",
       "PI  -0.4  0.6  0.0  0.2  0.0  0.2 -0.8 -0.4  1.0  0.0 -0.2\n",
       "CC   0.6  0.0  0.6 -0.4  0.6 -0.4  0.2  0.6  0.0  1.0 -0.4\n",
       "TPN -0.4  0.2  0.0 -0.2 -0.4  0.2  0.0 -0.4 -0.2 -0.4  1.0"
      ]
     },
     "execution_count": 18,
     "metadata": {},
     "output_type": "execute_result"
    }
   ],
   "source": [
    "# calculate the kendall's correlation between variables\n",
    "kd=ranking_table_all_in.corr(method ='kendall')\n",
    "#kd.to_csv('result/usair/correlation/kdcorr_matrix_usair.csv')\n",
    "kd"
   ]
  },
  {
   "cell_type": "code",
   "execution_count": 19,
   "metadata": {},
   "outputs": [
    {
     "data": {
      "text/html": [
       "<div>\n",
       "<style scoped>\n",
       "    .dataframe tbody tr th:only-of-type {\n",
       "        vertical-align: middle;\n",
       "    }\n",
       "\n",
       "    .dataframe tbody tr th {\n",
       "        vertical-align: top;\n",
       "    }\n",
       "\n",
       "    .dataframe thead th {\n",
       "        text-align: right;\n",
       "    }\n",
       "</style>\n",
       "<table border=\"1\" class=\"dataframe\">\n",
       "  <thead>\n",
       "    <tr style=\"text-align: right;\">\n",
       "      <th></th>\n",
       "      <th>NDR</th>\n",
       "      <th>TR</th>\n",
       "      <th>BC</th>\n",
       "      <th>CNC</th>\n",
       "      <th>DC</th>\n",
       "      <th>EC</th>\n",
       "      <th>PR</th>\n",
       "      <th>TC</th>\n",
       "      <th>PI</th>\n",
       "      <th>CC</th>\n",
       "      <th>TPN</th>\n",
       "    </tr>\n",
       "  </thead>\n",
       "  <tbody>\n",
       "    <tr>\n",
       "      <th>NDR</th>\n",
       "      <td>1.000000</td>\n",
       "      <td>-0.236585</td>\n",
       "      <td>0.081662</td>\n",
       "      <td>0.144830</td>\n",
       "      <td>0.778439</td>\n",
       "      <td>-0.585434</td>\n",
       "      <td>0.456905</td>\n",
       "      <td>1.000000</td>\n",
       "      <td>-0.104527</td>\n",
       "      <td>0.593293</td>\n",
       "      <td>-0.438026</td>\n",
       "    </tr>\n",
       "    <tr>\n",
       "      <th>TR</th>\n",
       "      <td>-0.236585</td>\n",
       "      <td>1.000000</td>\n",
       "      <td>0.797492</td>\n",
       "      <td>-0.796442</td>\n",
       "      <td>0.071222</td>\n",
       "      <td>0.445870</td>\n",
       "      <td>-0.873764</td>\n",
       "      <td>-0.236585</td>\n",
       "      <td>0.895379</td>\n",
       "      <td>0.549535</td>\n",
       "      <td>-0.423407</td>\n",
       "    </tr>\n",
       "    <tr>\n",
       "      <th>BC</th>\n",
       "      <td>0.081662</td>\n",
       "      <td>0.797492</td>\n",
       "      <td>1.000000</td>\n",
       "      <td>-0.907126</td>\n",
       "      <td>0.344650</td>\n",
       "      <td>0.407560</td>\n",
       "      <td>-0.506950</td>\n",
       "      <td>0.081662</td>\n",
       "      <td>0.561986</td>\n",
       "      <td>0.833185</td>\n",
       "      <td>-0.122943</td>\n",
       "    </tr>\n",
       "    <tr>\n",
       "      <th>CNC</th>\n",
       "      <td>0.144830</td>\n",
       "      <td>-0.796442</td>\n",
       "      <td>-0.907126</td>\n",
       "      <td>1.000000</td>\n",
       "      <td>0.052637</td>\n",
       "      <td>-0.268637</td>\n",
       "      <td>0.452265</td>\n",
       "      <td>0.144830</td>\n",
       "      <td>-0.457977</td>\n",
       "      <td>-0.589435</td>\n",
       "      <td>-0.042915</td>\n",
       "    </tr>\n",
       "    <tr>\n",
       "      <th>DC</th>\n",
       "      <td>0.778439</td>\n",
       "      <td>0.071222</td>\n",
       "      <td>0.344650</td>\n",
       "      <td>0.052637</td>\n",
       "      <td>1.000000</td>\n",
       "      <td>0.034479</td>\n",
       "      <td>-0.021440</td>\n",
       "      <td>0.778439</td>\n",
       "      <td>0.263165</td>\n",
       "      <td>0.768378</td>\n",
       "      <td>-0.516843</td>\n",
       "    </tr>\n",
       "    <tr>\n",
       "      <th>EC</th>\n",
       "      <td>-0.585434</td>\n",
       "      <td>0.445870</td>\n",
       "      <td>0.407560</td>\n",
       "      <td>-0.268637</td>\n",
       "      <td>0.034479</td>\n",
       "      <td>1.000000</td>\n",
       "      <td>-0.667703</td>\n",
       "      <td>-0.585434</td>\n",
       "      <td>0.397119</td>\n",
       "      <td>0.096101</td>\n",
       "      <td>0.198497</td>\n",
       "    </tr>\n",
       "    <tr>\n",
       "      <th>PR</th>\n",
       "      <td>0.456905</td>\n",
       "      <td>-0.873764</td>\n",
       "      <td>-0.506950</td>\n",
       "      <td>0.452265</td>\n",
       "      <td>-0.021440</td>\n",
       "      <td>-0.667703</td>\n",
       "      <td>1.000000</td>\n",
       "      <td>0.456905</td>\n",
       "      <td>-0.921200</td>\n",
       "      <td>-0.261203</td>\n",
       "      <td>0.448481</td>\n",
       "    </tr>\n",
       "    <tr>\n",
       "      <th>TC</th>\n",
       "      <td>1.000000</td>\n",
       "      <td>-0.236585</td>\n",
       "      <td>0.081662</td>\n",
       "      <td>0.144830</td>\n",
       "      <td>0.778439</td>\n",
       "      <td>-0.585434</td>\n",
       "      <td>0.456905</td>\n",
       "      <td>1.000000</td>\n",
       "      <td>-0.104527</td>\n",
       "      <td>0.593293</td>\n",
       "      <td>-0.438026</td>\n",
       "    </tr>\n",
       "    <tr>\n",
       "      <th>PI</th>\n",
       "      <td>-0.104527</td>\n",
       "      <td>0.895379</td>\n",
       "      <td>0.561986</td>\n",
       "      <td>-0.457977</td>\n",
       "      <td>0.263165</td>\n",
       "      <td>0.397119</td>\n",
       "      <td>-0.921200</td>\n",
       "      <td>-0.104527</td>\n",
       "      <td>1.000000</td>\n",
       "      <td>0.492445</td>\n",
       "      <td>-0.727744</td>\n",
       "    </tr>\n",
       "    <tr>\n",
       "      <th>CC</th>\n",
       "      <td>0.593293</td>\n",
       "      <td>0.549535</td>\n",
       "      <td>0.833185</td>\n",
       "      <td>-0.589435</td>\n",
       "      <td>0.768378</td>\n",
       "      <td>0.096101</td>\n",
       "      <td>-0.261203</td>\n",
       "      <td>0.593293</td>\n",
       "      <td>0.492445</td>\n",
       "      <td>1.000000</td>\n",
       "      <td>-0.431852</td>\n",
       "    </tr>\n",
       "    <tr>\n",
       "      <th>TPN</th>\n",
       "      <td>-0.438026</td>\n",
       "      <td>-0.423407</td>\n",
       "      <td>-0.122943</td>\n",
       "      <td>-0.042915</td>\n",
       "      <td>-0.516843</td>\n",
       "      <td>0.198497</td>\n",
       "      <td>0.448481</td>\n",
       "      <td>-0.438026</td>\n",
       "      <td>-0.727744</td>\n",
       "      <td>-0.431852</td>\n",
       "      <td>1.000000</td>\n",
       "    </tr>\n",
       "  </tbody>\n",
       "</table>\n",
       "</div>"
      ],
      "text/plain": [
       "          NDR        TR        BC       CNC        DC        EC        PR  \\\n",
       "NDR  1.000000 -0.236585  0.081662  0.144830  0.778439 -0.585434  0.456905   \n",
       "TR  -0.236585  1.000000  0.797492 -0.796442  0.071222  0.445870 -0.873764   \n",
       "BC   0.081662  0.797492  1.000000 -0.907126  0.344650  0.407560 -0.506950   \n",
       "CNC  0.144830 -0.796442 -0.907126  1.000000  0.052637 -0.268637  0.452265   \n",
       "DC   0.778439  0.071222  0.344650  0.052637  1.000000  0.034479 -0.021440   \n",
       "EC  -0.585434  0.445870  0.407560 -0.268637  0.034479  1.000000 -0.667703   \n",
       "PR   0.456905 -0.873764 -0.506950  0.452265 -0.021440 -0.667703  1.000000   \n",
       "TC   1.000000 -0.236585  0.081662  0.144830  0.778439 -0.585434  0.456905   \n",
       "PI  -0.104527  0.895379  0.561986 -0.457977  0.263165  0.397119 -0.921200   \n",
       "CC   0.593293  0.549535  0.833185 -0.589435  0.768378  0.096101 -0.261203   \n",
       "TPN -0.438026 -0.423407 -0.122943 -0.042915 -0.516843  0.198497  0.448481   \n",
       "\n",
       "           TC        PI        CC       TPN  \n",
       "NDR  1.000000 -0.104527  0.593293 -0.438026  \n",
       "TR  -0.236585  0.895379  0.549535 -0.423407  \n",
       "BC   0.081662  0.561986  0.833185 -0.122943  \n",
       "CNC  0.144830 -0.457977 -0.589435 -0.042915  \n",
       "DC   0.778439  0.263165  0.768378 -0.516843  \n",
       "EC  -0.585434  0.397119  0.096101  0.198497  \n",
       "PR   0.456905 -0.921200 -0.261203  0.448481  \n",
       "TC   1.000000 -0.104527  0.593293 -0.438026  \n",
       "PI  -0.104527  1.000000  0.492445 -0.727744  \n",
       "CC   0.593293  0.492445  1.000000 -0.431852  \n",
       "TPN -0.438026 -0.727744 -0.431852  1.000000  "
      ]
     },
     "execution_count": 19,
     "metadata": {},
     "output_type": "execute_result"
    }
   ],
   "source": [
    "# calculate the pearson's correlation between variables \n",
    "ps=ranking_table_all_in.corr(method ='pearson')\n",
    "#ps.to_csv('result/usair/correlation/pscorr_matrix_usair.csv')\n",
    "ps"
   ]
  },
  {
   "cell_type": "code",
   "execution_count": 20,
   "metadata": {},
   "outputs": [],
   "source": [
    "#import scipy.stats\n",
    "#scipy.stats.spearmanr(data1,data2)"
   ]
  },
  {
   "cell_type": "code",
   "execution_count": null,
   "metadata": {},
   "outputs": [],
   "source": []
  }
 ],
 "metadata": {
  "kernelspec": {
   "display_name": "Python 3",
   "language": "python",
   "name": "python3"
  },
  "language_info": {
   "codemirror_mode": {
    "name": "ipython",
    "version": 3
   },
   "file_extension": ".py",
   "mimetype": "text/x-python",
   "name": "python",
   "nbconvert_exporter": "python",
   "pygments_lexer": "ipython3",
   "version": "3.7.1"
  }
 },
 "nbformat": 4,
 "nbformat_minor": 2
}
