,nodes_tr,nodes_bc,nodes_cnc,nodes_dc,nodes_ec,nodes_TC,nodes_PI,nodes_CC,nodes_TPN
nodes_tr,1.0,0.1254,0.889,1.0,1.0,1.0,1.0,-0.0315,1.0
nodes_bc,0.1254,1.0,0.5658,0.1254,0.1254,0.1254,0.1254,0.9877,0.1254
nodes_cnc,0.889,0.5658,1.0,0.889,0.889,0.889,0.889,0.4298,0.889
nodes_dc,1.0,0.1254,0.889,1.0,1.0,1.0,1.0,-0.0315,1.0
nodes_ec,1.0,0.1254,0.889,1.0,1.0,1.0,1.0,-0.0315,1.0
nodes_TC,1.0,0.1254,0.889,1.0,1.0,1.0,1.0,-0.0315,1.0
nodes_PI,1.0,0.1254,0.889,1.0,1.0,1.0,1.0,-0.0315,1.0
nodes_CC,-0.0315,0.9877,0.4298,-0.0315,-0.0315,-0.0315,-0.0315,1.0,-0.0315
nodes_TPN,1.0,0.1254,0.889,1.0,1.0,1.0,1.0,-0.0315,1.0
